tensor_dense_2_B 4
0 0 0 0
tensor_dense_2_W 32
-0.0526383519 -0.549412012 -0.291021109 -0.196478128 -0.681361616 0.665377557 -0.2752904 -0.144472659 -0.653272748 0.2386958 -0.243588895 0.255936563 0.300185859 -0.00339567661 -0.163777411 -0.54397893 0.197794795 0.150051713 0.0341114402 0.0105781555 0.147252798 -0.602357507 -0.116024554 -0.357095748 -0.39861545 0.156915903 -0.244018108 0.339643776 -0.0351526737 -0.367770702 -0.53884393 -0.688784838
tensor_dense_1_B 8
0 0 0 0 0 0 0 0
tensor_dense_1_W 128
0.131604791 0.318589449 0.134917378 -0.294118524 0.155565143 -0.45008707 -0.221816182 -0.381955385 0.149160028 0.443116307 -0.362691164 0.477277398 0.355120182 -0.297826052 -0.00652706623 0.106819153 -0.00572347641 0.443050981 0.196880698 -0.0642037392 0.0572670698 -0.438958049 0.478624463 0.082042098 0.487643719 0.235106945 0.286043763 -0.163705349 -0.468122602 -0.181331873 0.345959187 0.328625441 0.26780057 -0.23096478 -0.149301887 -0.114729047 -0.238675952 0.00367808342 -0.456058264 -0.204464078 -0.377337217 0.309349298 0.0161964893 0.072542429 0.0924394131 0.349015594 0.0549478531 0.25950706 -0.298382044 -0.0893791914 -0.11978507 0.463903308 0.110339999 0.335333109 0.202529192 -0.100007176 0.147327185 -0.332424879 -0.485636711 0.356650233 -0.106506348 -0.342770576 -0.182532787 -0.485268831 -0.120766163 -0.232109427 -0.160848975 0.471606731 0.356767178 -0.455097556 -0.482085824 -0.434820175 -0.163103461 -0.415404677 -0.00935804844 -0.238741398 -0.359849215 -0.00703465939 0.377097964 -0.455451727 0.240268588 -0.342156172 0.406352401 0.0222169161 0.284676433 -0.267568469 0.055559516 -0.177060246 0.246114254 -0.398253679 -0.153637886 -0.0109024048 -0.22595787 -0.486928582 0.0968903303 0.353135586 -0.251687884 0.219822526 -0.0266776085 -0.477411747 -0.33500421 -0.0598973036 -0.149104118 0.260875106 0.3737638 0.371250987 -0.491566181 -0.253905416 0.292328954 -0.254583597 0.478022456 -0.453801513 0.128923535 -0.385037184 0.13505137 0.339823961 0.196764827 0.375302911 -0.343573928 -0.452641845 -0.281995654 -0.211205244 0.38532722 -0.427397728 -0.350734949 -0.339621544 0.335569263 -0.291555524
tensor_dense_B 16
0 0 0 0 0 0 0 0 0 0 0 0 0 0 0 0
tensor_dense_W 128
-0.129285932 -0.0324577093 -0.414940715 -0.166210651 -0.126923084 0.340421319 -0.317906737 -0.35376358 0.00665390491 0.134057641 0.132472992 -0.299357533 0.3422575 0.0620943308 0.343295813 0.255633473 0.219125032 0.465142012 0.472550988 0.359323621 0.0970256329 0.424491763 0.311153531 0.44254005 0.0906835794 -0.0472806692 0.478519797 0.380413651 -0.401898384 -0.45729661 -0.457964659 -0.209959149 -0.484754682 0.491342187 -0.37108171 -0.478963494 0.0688939095 -0.195649862 -0.272822022 0.0096848011 -0.464718938 -0.0331115723 -0.286629915 -0.402656436 -0.0380997658 -0.00940668583 -0.198563218 -0.166607499 0.426430583 -0.0333644152 -0.340234876 0.315449834 0.0152777433 -0.232503772 0.223234177 -0.389738798 -0.0512754917 0.141838193 -0.475455642 -0.163686991 -0.0657166243 -0.274712324 -0.4821347 -0.366309643 -0.483797908 -0.286988139 -0.279155135 0.201572061 0.283725142 -0.423659921 0.405281663 -0.138266087 -0.235557675 -0.0492278337 0.190885305 -0.260612845 0.261803508 0.426169872 -0.0916119814 0.299844027 0.0587706566 -0.0976485014 -0.159240603 -0.162329793 0.293262601 0.494577527 -0.237447262 -0.0875109434 -0.356752157 0.481711507 0.312817097 -0.0953201056 0.0285453796 -0.123203754 -0.0752450228 -0.4152174 -0.428034186 0.40579772 0.0653618574 -0.119846344 -0.29974401 0.433765888 -0.0894896984 0.0480386019 -0.467740774 -0.0770446062 -0.280275464 -0.0490498543 -0.447344661 0.163482785 0.493511796 0.224242568 -0.44171381 0.3738873 -0.172837853 0.114018917 -0.490208507 0.190976024 -0.447469592 -0.415163755 0.103877664 0.201082945 -0.052852273 0.0214310884 0.456154943 0.335036993 -0.114024401 0.410931468
