tensor_dense_3kernel 16
0.0106746601 -0.0246586856 -0.0443636067 -0.376241863 0.348621577 -0.650293767 0.492239594 -0.672783375 0.273867041 0.443550318 -0.64649421 0.0818516985 -0.231417224 0.170339867 -0.338281691 -0.417063743
tensor_dense_2bias 8
-0.000521617068 0.00101530401 -0.00423202012 -0.0052585341 0.00359867979 0.00468621217 0.00359760365 -0.00466434145
tensor_dense_3bias 2
-0.00468403194 0.00468403194
tensor_dense_2kernel 128
-0.176088035 -0.311353147 0.471535206 0.432875007 0.0401012152 0.347730249 0.0585771874 0.222879127 -0.0449872613 0.136165261 0.0178330019 0.418736219 0.268850207 0.3127563 -0.0509195328 -0.375008613 -0.143753767 0.460162163 -0.349934578 -0.284439445 -0.31450963 -0.441068411 0.29414022 0.314766645 -0.331361085 0.253642052 -0.338068336 -0.250872642 -0.28717792 -0.488457412 -0.232325912 0.118095666 0.44567883 -0.121061683 0.299506545 -0.494670868 0.0133215189 -0.0341271162 0.422001004 0.0252767801 0.264163524 0.157488316 0.298467278 0.119463444 -0.444281489 -0.157942533 -0.424866617 -0.136122838 0.0853669643 -0.437319279 0.252230644 -0.460220098 0.355000138 0.39711225 0.0181214809 -0.01430583 0.258249879 0.324524403 0.246926427 0.269596577 -0.323497534 -0.414779902 0.0856056213 -0.480395317 0.316888899 -0.195070267 -0.404793382 -0.306821704 -0.00134454947 0.410740256 -0.359332055 0.429946065 -0.40527159 -0.321013153 -0.238366902 0.247051239 0.286243796 0.0426573008 0.305572897 0.242975265 -0.385387301 -0.473466039 0.432376772 0.343106925 -0.407792687 -0.457447499 -0.221143842 -0.424138069 -0.342403412 0.443017632 -0.0709213167 -0.00158121355 -0.232407048 -0.00834076107 0.140684918 0.318900138 0.461097449 0.197505131 0.0188960508 -0.393921614 -0.458217829 0.267191201 -0.478220731 0.378017396 0.16314292 0.149721861 -0.0501117706 -0.401396871 0.0565291643 -0.251871943 0.211625576 0.171293974 -0.105051093 0.252286911 0.263645619 -0.404765397 -0.197542474 -0.248337582 0.349613339 -0.0793238878 0.00570831168 -0.115670659 -0.148463354 0.200398579 -0.355548382 -0.0387773551 0.109309316 0.00527041266
tensor_dense_1bias 16
-0.00480529387 -0.00391603261 0 0.00491432194 0 -0.00508326851 0 0 0.00461252639 -0.00571184466 -0.00431996491 0.00465956563 0.0047756373 0 0.00324899959 -0.00113919855
tensor_dense_1kernel 512
-0.0568323657 -0.233719289 -0.180974096 0.107211858 -0.319595516 0.145174667 0.00705453753 -0.353140354 -0.188641503 0.273946017 0.138678044 -0.113698497 -0.131202117 -0.28603524 -0.107565269 -0.212478414 -0.0118975928 0.124790244 -0.271571696 0.072430566 0.293404192 -0.264165998 -0.0404241383 0.289559692 -0.200648263 -0.217279211 -0.0191952996 0.238553956 -0.136958718 0.141539216 0.138614193 -0.326756924 -0.0788807943 0.011941202 -0.0838201344 -0.249406576 -0.161185145 0.031583894 0.0386021435 -0.178441077 0.110924385 -0.0874432698 -0.240013063 0.00494621508 -0.270444781 -0.249576271 -0.127278015 -0.032794632 -0.26376754 -0.0949279368 0.291329116 -0.141528279 -0.319499999 -0.19301258 -0.149498835 -0.171505466 -0.329945683 0.276290208 0.299003631 0.0669363737 -0.169223562 0.243551522 -0.21939154 0.218202919 0.27338019 0.292145729 0.0462945998 0.306199163 0.127181739 -0.245408669 0.0372053087 0.146661907 0.312603116 0.208426163 0.0313652121 0.260702372 -0.169996247 -0.296043098 0.141657457 -0.0693025216 -0.259223163 -0.126947314 0.0630883574 -0.203517854 -0.156485096 0.121882439 0.096658498 -0.111583278 -0.12639679 0.159804851 -0.0840001702 0.0345574617 0.253081471 -0.0931994915 0.148466915 -0.219075948 -0.0607586503 -0.293056279 -0.278395951 -0.223894998 -0.344712079 0.160536095 -0.294879228 -0.0835178494 -0.075397566 0.0745235682 -0.199158922 -0.0570015274 0.281417847 -0.262671977 -0.255226076 0.219113395 0.299884737 -0.0353377238 0.230622262 0.17023629 -0.322543174 -0.0205634832 -0.163759306 0.254002541 -0.0087288795 -0.260154158 -0.0842842311 -0.11498592 0.138158321 -0.0192467868 0.0441609062 -0.026336886 0.182236061 0.225657225 -0.347883284 -0.230442807 -0.142930746 0.0329575017 -0.180872023 0.135221243 0.0391180962 -0.271099597 -0.137066752 0.0706556886 0.0131464461 0.14666757 0.249427006 -0.153223932 0.297511101 0.142242596 0.0900593698 0.180707097 0.0748996735 0.250429243 -0.351498723 0.08326599 -0.240945503 -0.271271616 -0.16092138 -0.0733791292 -0.15585117 0.290698498 -0.167305619 -0.0346112475 0.0380111039 -0.348733127 -0.262656391 0.22769706 -0.213812977 0.103219412 0.216884285 0.177237958 0.354245275 0.125666782 -0.0919124708 0.146322235 -0.282592028 0.104171425 -0.287132531 0.102911301 0.128522053 0.282096446 0.0521828532 -0.0884181783 -0.0396207273 0.207214445 -0.305020362 -0.32951501 0.00741532911 0.0610278472 0.0953318328 0.329890251 0.0128613766 0.317625135 -0.00252337032 -0.0974108726 0.0065741539 -0.261376202 -0.154183194 -0.316765666 0.317351967 -0.087441653 0.313064843 -0.162013501 -0.0845938623 -0.223927811 -0.32938394 0.337252587 -0.0180089176 0.0132571161 0.016153127 0.169407994 -0.263348937 0.0707341135 0.297442287 0.073589325 -0.0109523535 0.215896577 0.249993354 -0.0139724314 0.276149839 -0.239070579 0.0745044947 0.214307278 -0.151745677 -0.0470522344 -0.119786233 -0.187045604 0.0930636078 -0.267360121 0.00635650754 -0.118861109 0.345249265 -0.251762003 -0.152850181 -0.334762126 0.206267312 0.2722781 0.148429543 0.317335993 -0.299578547 0.318570584 0.258656323 -0.24503839 0.351947933 -0.193273723 -0.232683063 -0.0704376698 0.301268786 -0.0651882887 0.0083090961 -0.328153849 -0.0561091602 0.0707666576 0.326595336 0.188584834 -0.0154717565 -0.176316023 0.299797863 -0.171840966 0.099298358 -0.283317089 0.0225614607 0.350736588 0.00987273455 -0.316041648 -0.0744028389 0.348757595 0.049294509 -0.0681091994 0.00389689207 0.319521397 -0.25038445 -0.19068794 -0.0219969451 -0.34814328 -0.210601732 0.149496406 -0.346330345 -0.306588829 0.340641946 0.202916235 0.146308482 -0.0948911905 -0.12586616 0.300148159 -0.341848522 -0.0706192255 -0.194531053 -0.078251183 0.233698457 0.204275221 0.210830614 -0.157542646 0.14792946 0.202943787 -0.270784378 0.264991283 0.0664484799 -0.285585016 -0.00701134279 0.130206034 -0.074860543 -0.0250845198 0.350252718 0.160610408 -0.234728917 0.205734938 0.268694431 0.221822888 0.0589368045 -0.102943599 -0.243671149 -0.236736402 -0.128188714 0.189601332 -0.154406831 0.14258641 0.184189409 0.293125361 0.0140406191 -0.0829467773 0.128968924 0.133117437 -0.11568366 0.238395482 -0.0863016546 0.343451887 0.335087508 -0.0224279463 0.0207296014 0.263287157 -0.116078064 0.113494307 0.0757324994 0.176045209 -0.163739413 -0.227221742 0.0969005823 -0.339634567 0.328978509 -0.236583322 0.100498408 -0.125157937 0.244935244 -0.345186979 -0.131507948 0.221192151 -0.147854179 0.305459112 -0.323181093 0.171489567 0.311348289 -0.246769369 0.0643908679 -0.136302143 0.15056631 -0.34953469 -0.17268306 -0.199438989 0.164077312 -0.337266773 0.0305308402 0.242111832 0.184986219 0.235058889 0.353384227 0.280495048 -0.303158402 0.291114002 -0.174302846 0.227903873 -0.2724455 -0.159610868 0.115493417 0.102023184 0.052118957 -0.219161838 -0.104071945 0.299935192 0.316590577 0.272733599 0.303691119 0.110738993 -0.179715678 0.211652726 0.347948641 0.0423983037 -0.259716868 0.315152854 -0.116397455 0.163115397 0.124168843 0.178468391 0.0724726021 0.106060028 -0.112982444 -0.23121208 -0.0324830711 -0.0967507213 0.323286623 0.0403655469 -0.139288679 0.0240561794 0.100347139 0.333111078 0.0410424173 0.114988565 0.319485337 -0.120519273 -0.27699995 -0.293753594 -0.156417876 -0.163779899 0.0859906971 0.164429635 -0.131648749 0.0499033928 -0.0437631793 -0.225171328 0.291874021 0.0602637529 0.0976923406 -0.186301544 0.245294482 -0.00550985336 0.0460488796 0.194230825 -0.162557945 -0.192006364 -0.0851107538 -0.113809973 -0.190195575 -0.209938332 0.306704074 -0.0272863805 0.31029442 -0.135383844 -0.0502819419 0.297592849 -0.1403061 0.259683788 0.0721030533 0.105722666 0.27303943 -0.225688919 0.127209455 0.166142106 0.23543483 -0.152698711 -0.146765038 0.223572731 0.260705501 -0.13602823 -0.329461396 -0.254210651 0.309000224 0.0799524859 -0.0653196871 -0.328735054 0.284258276 0.121555388 -0.328408957 0.28554216 0.153685108 -0.239686012 0.160225481 -0.146964878 0.2552872 -0.218271852 0.032379657 0.0649166927 -0.172463045 -0.187315255 0.246408671 -0.162076712 0.110066868 0.302138209 0.102119066 -0.234999195 0.310478091 0.0950640738 0.0779424086 0.214835539 -0.119633354 0.281839073 0.221171826 -0.252653092 -0.263096809 -0.00685879728 -0.202685788 -0.210359126 0.334522873 0.117094152 -0.160209343 0.0464222729 0.141832754 -0.130048573 0.136419177 0.185760483 -0.115150332 0.0455743968 0.266742617 0.304124981 0.193238765 -0.103385538 -0.186116517 -0.0922114849 -0.18328391 0.196060807 -0.0903807878 0.175547749 -0.101590842 -0.34329915 -0.335780889 -0.0844625235
tensor_densebias 32
-0.00507638557 -0.002833626 -0.00533379801 0 0.00414324692 0 0.00132888951 -0.00411958387 -0.00423241779 -0.00407178979 0.00360758556 -0.00473463535 0 0 0.0036046193 0 0.00360272243 0 -0.00423217285 0 0 0 -0.00359990541 0 0.00508617144 -0.00460181851 0 0.00365485484 0.00362605089 0.00464859046 0.00479224976 0
tensor_densekernel 128
0.397003561 0.056407053 0.0516152047 -0.163210496 0.0350560471 -0.230609417 0.0666203275 0.244635999 -0.0706092417 -0.0397148803 0.316304296 0.304796576 -0.394528121 -0.251508296 -0.0908910334 0.0686328113 0.342946738 0.236790776 0.341124177 0.0911993086 -0.0720993578 -0.0879536271 -0.0638601854 -0.363331109 0.116116956 -0.331956625 0.0370883346 0.206110477 0.0497714765 0.267400086 0.193452612 -0.0941638052 0.289209783 0.0489755757 0.034181308 0.00575661659 -0.136853307 -0.248654455 0.102938779 0.0539348982 -0.106965937 -0.102384798 0.11638134 0.129648075 -0.0203075707 -0.200868621 0.276714116 -0.164958805 -0.335974813 -0.273168892 -0.263645083 -0.224860474 -0.273472786 -0.107989222 -0.204364955 0.0544108748 -0.0924219862 0.377427578 -0.25651446 -0.13598454 0.314295202 0.283462226 0.241429389 -0.267233551 -0.191686377 0.257233381 0.107732557 -0.0791665018 0.276443839 0.308107495 0.153366029 -0.120454758 -0.0912513435 0.0798382983 -0.156231344 0.0453244224 -0.392458409 -0.167027637 0.073877506 -0.00903978944 0.25117138 -0.0715785325 0.191646755 -0.23935613 0.206119478 -0.366917491 0.336844385 0.191528857 0.343740851 0.0812409893 0.139979005 0.0882172659 0.0714754313 0.230813801 0.3859106 -0.314026177 0.318307936 0.346360415 0.0548081361 -0.0322968662 -0.0412216149 -0.160102427 -0.130262509 0.364878803 0.190996706 0.112531856 0.0365378186 0.331713766 0.140583575 0.123367012 -0.40379253 -0.142122984 -0.356756747 -0.270993471 -0.181094795 -0.239010602 -0.0454536974 -0.29547435 -0.188302547 -0.154191911 -0.204901084 -0.185275197 -0.177971005 0.339844227 -0.278797358 0.0792592317 0.119211867 -0.0600018203
